0x0000 : 03 00 00 00 00 03 70 06 ff fc 02 d0 00 3f 01 02 90 00 00 00 00 07 09 00 37 01 ff ff ff ff 0a 94 ff fb 03 01 0b 64 01 ff 53 03 04 54 03 04 03 08 54 05 03 06 09 00 0d 02 90 00 00 00 00 07 09 ff 
0x0040 : db 08 54 03 03 03 09 ff 31 ff ff ff ff 0b 68 01 00 07 00 01 01 ff ff ff ff 0b 68 02 ff b6 ff c4 02 90 00 00 00 04 04 00 00 00 00 00 02 90 00 00 00 30 05 0b 68 01 ff a6 00 01 0b 68 01 00 96 00 
0x0080 : 01 0b 68 01 00 23 00 01 0b 68 01 00 21 00 01 0b 68 01 00 1f 00 01 0b 68 01 00 1d 00 01 0b 68 01 00 1b 00 01 01 ff ff ff ff 01 ff ff ff ff 01 ff ff ff ff 01 ff ff ff ff 01 ff ff ff ff 09 ff e7 
0x00c0 : 08 54 03 03 03 0b 68 01 00 07 00 01 01 ff ff ff ff 0c ff d3 0b 68 01 00 1c 00 01 0b 68 01 00 15 00 09 0b 68 01 00 0e 00 11 0b 68 01 00 07 00 19 01 ff ff ff ff 0c ff 24 01 ff ff ff ff 0c ff f3 
0x0100 : 01 ff ff ff ff 0c 00 0b 01 ff ff ff ff 09 ff 0c 01 ff ff ff ff 0a 94 ff fb 03 01 0b 64 01 00 11 03 04 54 03 04 03 08 54 05 03 06 09 01 ff ff ff 00 00 00 00 07 09 ff db 08 54 03 03 03 09 00 01 
0x0140 : 00 00 00 00 00 00 00 00 00 00 00 00 00 00 00 00 00 00 00 00 00 00 00 00 00 00 00 00 00 00 00 00 00 00 00 00 00 00 00 00 00 00 00 00 00 00 00 00 00 00 00 00 00 00 00 00 00 00 00 00 00 00 00 00 
0x0180 : 00 00 00 00 00 00 00 00 00 00 00 00 00 00 00 00 00 00 00 00 00 00 00 00 00 00 00 00 00 00 00 00 00 00 00 00 00 00 00 00 00 00 00 00 00 00 00 00 00 00 00 00 00 00 00 00 00 00 00 00 00 00 00 00 
0x01c0 : 00 00 00 00 00 00 00 00 00 00 00 00 00 00 00 00 00 00 00 00 00 00 00 00 00 00 00 00 00 00 00 00 00 00 00 00 00 00 00 00 00 00 00 00 00 00 00 00 00 00 00 00 00 00 00 00 00 00 00 00 00 00 00 00 
0x0200 : 00 00 00 00 00 00 00 00 00 00 00 00 00 00 00 00 00 00 00 00 00 00 00 00 00 00 00 00 00 00 00 00 00 00 00 00 00 00 00 00 00 00 00 00 00 00 00 00 00 00 00 00 00 00 00 00 00 00 00 00 00 00 00 00 
0x0240 : 00 00 00 00 00 00 00 00 00 00 00 00 00 00 00 00 00 00 00 00 00 00 00 00 00 00 00 00 00 00 00 00 00 00 00 00 00 00 00 00 00 00 00 00 00 00 00 00 00 00 00 00 00 00 00 00 00 00 00 00 00 00 00 00 
0x0280 : 00 00 00 00 00 00 00 00 00 00 00 00 00 00 00 00 00 00 00 00 00 00 00 00 00 00 00 00 00 00 00 00 00 00 00 00 00 00 00 00 00 00 00 00 00 00 00 00 00 00 00 00 00 00 00 00 00 00 00 00 00 00 00 00 
0x02c0 : 00 00 00 00 00 00 00 00 00 00 00 00 00 00 00 00 00 00 00 00 00 00 00 00 00 00 00 00 00 00 00 00 00 00 00 00 00 00 00 00 00 00 00 00 00 00 00 00 00 00 00 00 00 00 00 00 00 00 00 00 00 00 00 00 
0x0300 : 00 00 00 00 00 00 00 00 00 00 00 00 00 00 00 00 00 00 00 00 00 00 00 00 00 00 00 00 00 00 00 00 00 00 00 00 00 00 00 00 00 00 00 00 00 00 00 00 00 00 00 00 00 00 00 00 00 00 00 00 00 00 00 00 
0x0340 : 00 00 00 00 00 00 00 00 00 00 00 00 00 00 00 00 00 00 00 00 00 00 00 00 00 00 00 00 00 00 00 00 00 00 00 00 00 00 00 00 00 00 00 00 00 00 00 00 00 00 00 00 00 00 00 00 00 00 00 00 00 00 00 00 
0x0380 : 00 00 00 00 00 00 00 00 00 00 00 00 00 00 00 00 00 00 00 00 00 00 00 00 00 00 00 00 00 00 00 00 00 00 00 00 00 00 00 00 00 00 00 00 00 00 00 00 00 00 00 00 00 00 00 00 00 00 00 00 00 00 00 00 
0x03c0 : 00 00 00 00 00 00 00 00 00 00 00 00 00 00 00 00 00 00 00 00 00 00 00 00 00 00 00 00 00 00 00 00 00 00 00 00 00 00 00 00 00 00 00 00 00 00 00 00 00 00 00 00 00 00 00 00 00 00 00 00 00 00 00 00 
0x0400 : 00 00 00 00 00 00 00 00 00 00 00 00 00 00 00 00 00 00 00 00 00 00 00 00 00 00 00 00 00 00 00 00 00 00 00 00 00 00 00 00 00 00 00 00 00 00 00 00 00 00 00 00 00 00 00 00 00 00 00 00 00 04 00 00 
0x0440 : 00 00 04 00 00 00 00 04 00 00 00 00 04 00 00 00 00 04 00 00 00 00 04 00 00 00 00 04 00 00 00 00 04 00 00 00 00 04 00 00 00 00 04 00 00 00 00 04 00 00 00 00 04 00 00 00 00 04 00 00 00 00 04 00 
0x0480 : 00 00 00 04 00 00 00 00 04 00 00 00 00 04 00 00 00 00 04 00 00 00 00 04 00 00 00 00 04 00 00 00 00 04 00 00 00 00 04 00 00 00 00 04 00 00 00 00 00 00 00 00 00 00 00 00 00 00 00 00 00 00 00 00 
0x04c0 : 00 00 00 00 00 00 00 00 00 00 00 00 00 00 00 00 00 00 00 00 00 00 00 00 00 00 00 00 00 00 00 00 00 00 00 00 00 00 00 00 00 00 00 00 00 00 00 00 00 00 00 00 00 00 00 00 00 00 00 00 00 00 00 00 
0x0500 : 00 00 00 00 00 00 00 00 00 00 00 00 00 00 00 00 00 00 00 00 00 00 00 00 00 00 00 00 00 00 00 00 00 00 00 00 00 00 00 00 00 00 00 00 00 00 00 00 00 00 00 00 00 00 00 00 00 00 03 70 03 ff 00 03 
0x0540 : 70 03 ff 00 03 70 03 ff 00 03 70 03 ff 00 03 70 03 ff 00 03 70 03 ff 00 03 70 03 ff 00 03 70 03 ff 00 03 70 03 ff 00 03 70 03 ff 00 03 70 03 ff 00 03 70 03 ff 00 03 70 03 ff 00 03 70 03 ff 00 
0x0580 : 03 70 03 ff 00 03 70 03 ff 00 03 70 03 ff 00 03 70 03 ff 00 03 70 03 ff 00 03 70 03 ff 00 03 70 03 ff 00 03 70 03 ff 00 03 70 03 ff 00 00 00 00 00 00 00 00 00 00 00 00 00 00 00 00 00 00 00 00 
0x05c0 : 00 00 00 00 00 00 00 00 00 00 00 00 00 00 00 00 00 00 00 00 00 00 00 00 00 00 00 00 00 00 00 00 00 00 00 00 00 00 00 00 00 00 00 00 00 00 00 00 00 00 00 00 00 00 00 00 00 00 00 00 00 00 00 00 
0x0600 : 00 00 00 00 00 00 00 00 00 00 00 00 00 00 00 00 00 00 00 00 00 00 00 00 00 00 00 00 00 00 00 00 00 00 00 00 00 00 00 00 00 00 00 00 00 00 00 00 00 00 00 00 00 00 00 00 00 00 03 70 03 ff 00 03 
0x0640 : 70 03 ff 00 03 70 03 ff 00 03 70 03 ff 00 03 70 03 ff 00 03 70 03 ff 00 03 70 03 ff 00 03 70 03 ff 00 03 70 03 ff 00 03 70 03 ff 00 03 70 03 ff 00 03 70 03 ff 00 03 70 03 ff 00 03 70 03 ff 00 
0x0680 : 03 70 03 ff 00 03 70 03 ff 00 03 70 03 ff 00 03 70 03 ff 00 03 70 03 ff 00 03 70 03 ff 00 03 70 03 ff 00 03 70 03 ff 00 03 70 03 ff 00 01 ff ff ff fe 09 ff 88 00 00 00 00 00 00 00 00 00 00 00 
0x06c0 : 00 00 00 00 00 00 00 00 00 00 00 00 00 00 00 00 00 00 00 00 00 00 00 00 00 00 00 00 00 00 00 00 00 00 00 00 00 00 00 00 00 00 00 00 00 00 00 00 00 00 00 00 00 00 00 00 00 00 00 00 00 00 00 00 
0x0700 : 00 00 00 00 00 00 00 00 00 00 00 00 00 00 00 00 00 00 00 00 00 00 00 00 00 00 00 00 00 00 00 00 00 00 00 00 00 00 00 00 00 00 00 00 00 00 00 00 00 00 00 00 00 00 00 00 00 00 00 00 00 00 00 00 
0x0740 : 00 00 00 00 00 00 00 00 00 00 00 00 00 00 00 00 00 00 00 00 00 00 00 00 00 00 00 00 00 00 00 00 00 00 00 00 00 00 00 00 00 00 00 00 00 00 00 00 00 00 00 00 00 00 00 00 00 00 00 00 00 00 00 00 
0x0780 : 00 00 00 00 00 00 00 00 00 00 00 00 00 00 00 00 00 00 00 00 00 00 00 00 00 00 00 00 00 00 00 00 00 00 00 00 00 00 00 00 00 00 00 00 00 00 00 00 00 00 00 00 00 00 00 00 00 00 00 00 00 00 00 00 
0x07c0 : 00 00 00 00 00 00 00 00 00 00 00 00 00 00 00 00 00 00 00 00 00 00 00 00 00 00 00 00 00 00 00 00 00 00 00 00 00 00 00 00 00 00 00 00 00 00 00 00 00 00 00 00 00 00 00 00 00 00 00 00 00 00 00 00 
0x0800 : 01 ff ff ff fe 09 00 08 03 00 00 00 00 01 ff ff ff fe 02 d0 ff fc 01 03 70 02 ff f2 02 90 00 00 00 00 05 09 00 90 09 fe 14 01 ff ff ff fe 03 70 02 fe 00 01 0b 68 fe 7e 03 70 03 fe 02 03 70 03 
0x0840 : fe 02 03 70 03 fe 02 03 70 03 fe 02 03 70 03 fe 02 03 70 03 fe 02 03 70 03 fe 02 03 70 03 fe 02 03 70 03 fe 02 03 70 03 fe 02 03 70 03 fe 02 03 70 03 fe 02 03 70 03 fe 02 03 70 03 fe 02 03 70 
0x0880 : 03 fe 02 03 70 03 fe 02 03 70 03 fe 02 03 70 03 fe 02 03 70 03 fe 02 03 70 03 fe 02 03 70 03 fe 02 03 70 03 fe 02 03 70 03 fe 02 01 ff ff ff fe 09 ff 88 02 90 03 70 03 ff 03 0b 68 01 ff 46 00 
0x08c0 : 01 0b 68 01 00 44 00 01 0b 68 01 00 3d 00 09 0b 68 01 00 46 00 00 00 00 01 00 47 00 01 0b 68 01 00 48 00 01 0b 68 01 ff c7 00 01 0b 68 01 ff 3e 00 01 02 d0 ff b9 02 0a a4 ff b4 00 04 04 02 90 
0x0900 : 00 00 00 00 05 01 ff ff ff fe 0c ff fb 01 ff ff ff fe 09 00 03 01 ff ff ff fe 0c 00 0b 01 ff ff ff fe 09 01 ff ff ff ff ff fe ff fb 03 01 0b 64 01 ff 53 03 04 54 03 04 03 08 54 05 03 06 09 00 
0x0940 : 0d 02 90 00 00 00 00 00 00 00 00 00 00 00 00 00 00 00 00 00 00 00 00 00 00 00 00 00 00 00 00 00 00 00 00 00 00 00 00 00 00 00 00 00 00 00 00 00 00 00 00 00 00 00 00 00 00 00 00 00 00 00 00 00 
0x0980 : 00 00 00 00 00 00 00 00 00 00 00 00 00 00 00 00 00 00 00 00 00 00 00 00 00 00 00 00 00 00 00 00 00 00 00 00 00 00 00 00 00 00 00 00 00 00 00 00 00 00 00 00 00 00 00 00 00 00 00 00 00 00 00 00 
0x09c0 : 00 00 00 00 00 01 ff ff ff ff 0a 94 ff fb 03 01 0b 64 01 ff 53 03 04 54 03 04 03 08 54 05 ff ff ff fe 0d 02 fe 02 03 70 00 07 09 ff db 08 54 03 03 03 09 ff 31 00 00 00 00 00 00 00 00 00 00 00 
0x0a00 : 00 00 00 00 00 00 00 00 00 00 00 00 00 00 fe 02 03 70 00 00 00 00 00 00 00 00 00 00 00 00 00 00 00 00 00 00 00 00 00 00 00 00 00 00 00 00 00 00 00 00 00 00 00 00 00 00 00 00 00 00 00 00 00 00 
0x0a40 : 00 00 00 00 00 00 00 00 00 00 00 00 00 00 00 00 00 00 00 00 00 00 00 00 00 00 00 00 02 90 00 00 00 00 00 00 00 00 00 01 ff ff ff ff 0a 94 ff fb 03 01 0b 64 01 ff 53 03 04 54 03 04 03 08 54 05 
0x0a80 : ff ff ff fe 0d 02 00 00 00 00 00 07 09 ff db 08 54 03 03 03 09 ff 31 00 00 00 00 00 00 00 00 00 00 00 00 00 00 00 00 00 00 00 00 00 00 00 00 00 00 00 00 00 00 00 00 00 00 00 00 00 00 00 00 00 
0x0ac0 : 00 00 00 00 00 00 00 00 00 00 00 00 00 00 00 00 00 00 00 00 00 00 00 00 00 00 00 00 00 00 00 00 00 00 00 00 00 00 00 00 00 00 00 00 00 00 00 00 00 00 00 00 00 00 00 00 00 00 00 00 00 00 00 00 
0x0b00 : 00 00 00 00 00 00 00 00 00 01 ff ff ff ff 0a 94 00 00 00 00 0b 64 01 ff 53 03 04 54 03 04 03 08 54 05 03 06 09 00 0d 02 90 00 00 00 00 07 09 ff db 08 54 03 03 03 09 ff 31 00 00 00 00 00 00 00 
0x0b40 : 00 00 00 00 00 00 00 00 09 ff db 08 00 00 00 00 09 ff 31 00 00 00 00 00 00 00 00 00 00 00 00 00 00 00 00 00 00 00 00 00 00 00 00 00 00 00 00 00 00 00 00 00 00 00 00 00 00 00 00 00 00 00 00 00 
0x0b80 : 00 00 00 00 00 00 00 00 00 00 00 00 00 00 00 00 00 00 00 00 00 00 00 00 00 00 00 00 00 00 00 00 00 00 00 00 00 00 00 00 00 00 00 00 ff ff ff ff 0a 94 ff fb 03 01 0b 64 01 ff 53 03 04 54 03 04 
0x0bc0 : 03 08 54 05 03 06 09 00 0d 02 90 00 00 00 00 07 09 ff db 08 54 03 03 03 09 ff 31 00 00 00 00 00 00 00 00 00 00 00 00 00 00 00 00 00 00 00 00 00 00 00 00 00 00 00 00 00 00 00 00 00 00 00 00 00 
0x0c00 : 00 00 00 00 00 00 00 00 00 00 00 00 00 00 00 00 00 00 00 00 00 00 00 00 00 00 00 00 00 00 00 00 00 00 00 00 00 00 00 00 00 00 00 00 00 00 00 00 00 00 00 00 00 00 00 00 00 00 00 00 00 00 00 00 
0x0c40 : 00 00 00 00 00 00 00 00 00 00 00 00 00 01 ff ff ff ff 0a 94 ff fb 03 01 0b 64 01 ff 53 03 04 54 03 04 03 08 54 05 03 06 09 00 0d 02 90 00 00 00 00 07 09 ff db 08 54 03 03 03 09 ff 31 00 00 00 
0x0c80 : 00 00 00 00 00 00 00 00 00 00 00 00 00 00 00 00 00 00 00 00 00 00 00 00 00 00 00 00 00 00 00 00 00 00 00 00 00 00 00 00 00 00 00 00 00 00 00 00 00 00 00 00 00 00 00 00 00 00 00 00 00 00 00 00 
0x0cc0 : 00 00 00 00 00 00 00 00 00 00 00 00 00 00 00 00 00 00 00 00 00 00 00 00 00 00 00 00 00 00 00 00 00 00 00 00 00 00 00 00 00 00 00 00 00 00 00 01 ff ff ff ff 0a 94 ff fb 03 01 0b 64 01 ff 53 03 
0x0d00 : 04 54 03 04 03 08 54 05 03 06 09 00 0d 02 90 00 00 00 00 07 09 ff db 08 54 03 03 03 09 ff 31 00 00 00 00 00 00 00 00 00 00 00 00 00 00 00 00 00 00 00 00 00 00 00 00 00 00 00 00 00 00 00 00 00 
0x0d40 : 00 00 00 00 00 00 00 00 00 00 00 00 00 00 00 00 00 00 00 00 00 00 00 00 00 00 00 00 00 00 00 00 00 00 00 00 00 00 00 00 00 00 00 00 00 00 00 00 00 00 00 00 00 00 00 00 00 00 00 00 00 00 00 00 
0x0d80 : 00 00 00 00 00 00 00 00 00 00 00 00 00 00 00 00 00 01 ff ff ff ff 0a 94 ff fb 03 01 0b 64 01 ff 53 03 04 54 03 04 03 08 54 05 03 06 09 00 0d 02 90 00 00 00 00 07 09 ff db 08 54 03 03 03 09 ff 
0x0dc0 : 31 00 00 00 00 00 00 00 00 00 00 00 00 00 00 00 00 00 00 00 00 00 00 00 00 00 00 00 00 00 00 00 00 00 00 00 00 00 00 00 00 00 00 00 00 00 00 00 00 00 00 00 00 00 00 00 00 00 00 00 00 00 00 00 
0x0e00 : 00 00 00 00 00 00 00 00 00 00 00 00 00 00 00 00 00 00 00 00 00 00 00 00 00 00 00 00 00 00 00 00 00 00 00 00 00 00 00 00 00 00 00 00 00 00 00 00 00 00 00 01 ff ff ff ff 0a 94 ff fb 03 01 0b 64 
0x0e40 : 01 ff 53 03 04 54 03 04 03 08 54 05 03 06 09 00 0d 02 90 00 00 00 00 07 09 ff db 08 54 03 03 03 09 ff 31 00 00 00 00 00 00 00 00 00 00 00 00 00 00 00 00 00 00 00 00 00 00 00 00 00 00 00 00 00 
0x0e80 : 00 00 00 00 00 00 00 00 00 00 00 00 00 00 00 00 00 00 00 00 00 00 00 00 00 00 00 00 00 00 00 00 00 00 00 00 00 00 00 00 00 00 00 00 00 00 00 00 00 00 00 00 00 00 00 00 00 00 00 00 00 00 00 00 
0x0ec0 : 00 00 00 00 00 00 00 00 00 00 00 00 00 00 00 00 00 00 00 00 00 01 ff ff ff ff 0a 94 ff fb 03 01 0b 64 01 ff 53 03 04 54 03 04 03 08 54 05 03 06 09 00 0d 02 90 00 00 00 00 07 09 ff db 08 54 03 
0x0f00 : 03 03 09 ff 31 00 00 00 00 00 00 00 00 00 00 00 00 00 00 00 00 00 00 00 00 00 00 00 00 00 00 00 00 00 00 00 00 00 00 00 00 00 00 00 00 00 00 00 00 00 00 00 00 00 00 00 00 00 00 00 00 00 00 00 
0x0f40 : 00 00 00 00 00 00 00 00 00 00 00 00 00 00 00 00 00 00 00 00 00 00 00 00 00 00 00 00 00 00 00 00 00 00 00 00 00 00 00 00 00 00 00 00 00 00 00 00 00 00 00 00 00 00 00 01 ff ff ff ff 0a 94 ff fb 
0x0f80 : 03 01 0b 64 01 ff 53 03 04 54 03 04 03 08 54 05 03 06 09 00 0d 02 90 00 00 00 00 07 09 ff db 08 54 03 03 03 09 ff 31 00 00 00 00 00 00 00 00 00 00 00 00 00 00 00 00 00 00 00 00 00 00 00 00 00 
0x0fc0 : 00 00 00 00 00 00 00 00 00 00 00 00 00 00 00 00 00 00 00 00 00 00 00 00 00 00 00 00 00 00 00 00 00 00 00 00 00 00 00 00 00 00 00 00 00 00 00 00 00 00 00 00 00 00 00 00 00 00 00 00 00 00 00 00 
